address,time
6565628,1497391040.949045130
6572116,1497391041.483674163
6654320,1497391041.559839927
6605328,1497391041.562241948
6612428,1497391041.563358325
6677784,1497391042.003004449
6595156,1497391042.289533538
6684384,1497391043.565602605
6625056,1497391044.346920868
6673052,1497391044.585860266
6579264,1497391046.282627050
6586292,1497391047.787859977
6620912,1497391047.793811834
6634516,1497391050.742196151
6639472,1497391060.272873236
6628288,1497391062.907956868
6616740,1497391065.551646101
6414336,1497391101.225844052
6418432,1497391101.225861103
6422528,1497391101.225874847
6426624,1497391101.225887880
6430720,1497391101.225900926
6434816,1497391101.225913748
6438912,1497391101.225926504
6443008,1497391101.225939138
6447104,1497391101.225951787
6451200,1497391101.225964809
6455296,1497391101.225977829
6459392,1497391101.225990922
6463488,1497391101.226003807
6467584,1497391101.226016727
6471680,1497391101.226029189
6475776,1497391101.226042180
6479872,1497391101.226055098
6483968,1497391101.226067932
6488064,1497391101.226080442
6492160,1497391101.226093328
6496256,1497391101.226106144
6500352,1497391101.226119199
6504448,1497391101.226132309
6508544,1497391101.226144713
6512640,1497391101.226157652
6678384,1497391220.930282780
6674004,1497391221.000484777
6591120,1497391221.332641973
6604068,1497391221.333470904
6611100,1497391221.334911487
6633660,1497391222.080305954
6631196,1497391238.681394984
6637920,1497391241.311346239
6414336,1497391281.996220089
6418432,1497391281.996254225
6422528,1497391281.996263711
6426624,1497391281.996272244
6430720,1497391281.996280712
6434816,1497391281.996289047
6438912,1497391281.996297492
6443008,1497391281.996305856
6447104,1497391281.996314222
6451200,1497391281.996322640
6455296,1497391281.996331015
6459392,1497391281.996339421
6463488,1497391281.996347754
6467584,1497391281.996356091
6471680,1497391281.996367029
6475776,1497391281.996380117
6479872,1497391281.996418559
6483968,1497391281.996431778
6488064,1497391281.996445114
6492160,1497391281.996457858
6496256,1497391281.996470878
6500352,1497391281.996483618
6504448,1497391281.996496363
6508544,1497391281.996509102
6512640,1497391281.996521131
6519412,1497391318.837184165
6582492,1497391319.555619073
6515676,1497391334.959483140
6414336,1497391378.573393955
6418432,1497391378.573413770
6422528,1497391378.573423121
6426624,1497391378.573431323
6430720,1497391378.573439724
6434816,1497391378.573448118
6438912,1497391378.573456443
6443008,1497391378.573464797
6447104,1497391378.573473130
6451200,1497391378.573481404
6455296,1497391378.573489645
6459392,1497391378.573497849
6463488,1497391378.573506127
6467584,1497391378.573514464
6471680,1497391378.573522726
6475776,1497391378.573531090
6479872,1497391378.573555714
6483968,1497391378.573564126
6488064,1497391378.573572396
6492160,1497391378.573581802
6496256,1497391378.573593785
6500352,1497391378.573606322
6504448,1497391378.573619811
6508544,1497391378.573631189